2
5
8
9
10
11
13
15
17
18
19
22
23
24
26
28
29
31
33
34
35
36
38
42
44
45
48
49
51
53
58
59
62
65
73
75
78
82
90
92
93
97
99
101
102
103
107
117
118
119
123
127
129
130
131
132
133
134
136
137
139
146
147
148
149
150
151
155
156
157
161
162
163
165
166
169
173
175
178
179
181
183
186
187
190
192
193
195
198
199
202
203
204
205
208
210
212
214
216
220
223
224
225
229
230
235
237
238
240
242
245
249
251
255
258
259
260
261
262
264
267
268
270
271
272
273
274
275
278
281
284
285
287
291
293
295
299
300
301
302
303
305
306
307
308
309
310
314
319
321
323
326
327
329
331
333
335
336
337
338
339
340
342
343
346
348
349
351
352
355
357
366
367
368
372
376
377
380
385
386
389
390
392
396
397
398
402
403
406
408
409
411
412
415
419
424
425
426
429
431
